0
0.0253381
0.0292909
0.057941
0.051699
0.154865
0.121233
0.040411
0.0937663
0.161609
0.187533
0
0.0937663
0.0593145
0.0436727
0.0717035
0.0809627
0
0
0.0666673
0
0.0222224
0.00740748
0.00370374
0.00123458
0.113098
0.0749871
0.224961
0.0312555
0.0729159
0.0243053
0.00810176
0.200888
0.0696632
0.100773
0.187492
0.0717038
0.114223
0
0.0380744
0.0126915
0.0486754
0.133335
0.0809625
0.38448
0.12816
0.314165
0.252528
0.315257
0.489566
0.386949
1.15344
0.000411527
0.12912
0.163189
0.0974362
0.261308
0.119582
0.488469
0.187956
0.00270059
0.149795
0.0499316
0.182291
0.252289
0.496943
0.314542
0.446684
0
0
0.248285
0.0827618
0.0275873
0.113918
0.0469505
0.0536227
0.125395
0.0494641
0.0512207
0.0849127
0.171533
0.184532
0.06098
0.167578
0.124391
0.0780147
0.0768287
0.0810476
0.0291659
0.118931
0.0314181
0.0556554
0.0557194
0.138676
0.106334
0.0688996
0.0928332
0.0301945
0.179819
0.0980923
0.156976
0.0445552
0.0625347
0.0239249
0.0760142
0.152052
0.0712776
0.192945
0.180523
0.0823514
0.0665306
0.18721
0.168256
0.370709
0.298323
0.136087
0.288415
0.252756
0.103983
0.160998
0.190756
0.0763177
0.291076
0.206717
0.138444
0.252144
0.0781276
0.127303
0.135014
0.0764381
0.142003
0.118962
0.198795
0.251291
0.0555358
0.0927334
0.090514
0.0905964
0.259925
0.238011
0.0342748
0.0482427
0.0185765
0.0564526
0.150781
0.0812176
0.0391412
0.0390295
0.0511215
0.0391414
0.0812174
0.0451642
0.155979
0.0519931
0.017331
0.0228175
0.00577701
0.250211
0.122178
0.12413
0.125473
0.428116
0.390991
0.744856
0.293285
0.614383
1.15887
0.512052
0.0391062
0.117356
0.212728
0.0965702
0.0260501
0.0205141
0.0590344
0.0347905
0.012651
0.0102124
0.02129
0.06581
0.12191
0.0513199
0.0240887
0.00802955
0.0300657
0.0417566
0.135214
0.0967202
0.145186
0.188633
0.0503872
0.0209461
0.0304664
0.0327495
0.0279851
0.0122351
0.152113
0.1647
0.14389
0.0722613
0.0594645
0.0631753
0.162804
0.29164
1.34583
0.536908
0.783925
0.312013
0.113857
0.141957
0.0482191
0.195042
0.0374936
0.461106
0.0731158
0.178074
0.104665
