0.0599361
0.0888306
0.116346
0.0680556
0.180601
0.0602002
0.0797948
0.179184
0
0.0181175
0.0235473
0.0525244
0.031784
0.0137007
0.0207929
0.0216505
0.0152565
0
0
0.0148014
0.0767534
0.215459
0.0893278
0.0078491
0.0323923
0.011319
0.0444041
0.0221999
0.0110999
0.0113191
0.0207961
0.00693204
0.21277
0.18207
0.631377
0.0525416
0.037755
0.108402
0.195912
0.125994
0.041998
0.0139993
0.0650031
0.107803
0.21021
0.0317841
0.0481971
0.18101
0.0764024
0.0254675
0.0154201
0.0207929
0.0137007
0.418811
0.139604
0.0465346
0.0155115
0.00775577
0.0709232
0.300151
0.829529
0.370028
0.0935183
0.280555
0.27844
0.253553
0.106812
0.0356042
0.0430408
0.0143469
0.121759
0.0405863
0.00466644
0.0269523
0.0603367
0.0216677
0.0533193
0.0249957
0.285615
0.831848
0.00848916
0.300225
0.0155115
0.00517051
0.19958
0.0665267
0.0221756
0.00739185
0.411052
0.141205
0.163782
0.0304863
0.050125
0.0208787
0.0156831
0.0137253
0.0279434
0.0261827
0.0486325
0.11544
0.0583812
0.105083
0.140874
0.0513517
0.0529758
0.0827088
0.0262167
0.0242578
0.0334705
0.0120407
0.0279477
0.0250963
0.030348
0.163863
0.0527369
0.09149
0.0324508
0.0823924
0.065723
0.0322556
0.0644386
0.0904301
0.216579
0.279708
0.224037
0.144619
0.164864
0.14048
0.247533
0.185877
0.0872932
0.0975398
0.205326
0.147423
0.215399
0.112995
0.35093
0.187155
0.119372
0.24095
0.123585
0.183482
0.22442
0.146411
0.282146
0.229044
0.109461
0.261856
0.16467
0.141112
0.140206
0.103483
0.09449
0.261295
0.0897629
0.00258526
0.00129263
0.00231068
0.0311221
0.0236411
0.00865059
0.409627
1.21765
0.109651
0.442432
0.27651
0.247528
0.185406
0.204048
0.321562
0.227766
0.226995
0.267247
0.159749
0.105178
0.103069
0.0810495
0.165273
0.0689383
0.0328226
0.121134
0.0840549
0.0730732
0.0282347
0.0360098
0.03207
0.0387083
0.0532807
0.0396679
0.0406868
0.0461637
0.0720326
0.0810916
0.0863083
0.0847042
0.0695698
0.0639033
0.0588717
0.0486484
0.0940488
0.168582
0.105546
0.148416
0.0910411
0.26767
0.227761
0.306152
0
0.00282972
0.308632
0.103821
0.59357
0.232463
0.0826583
0.0275528
0.0623892
0.087636
0.00514004
0.0309253
0.0557189
0.0768961
0.144044
0.0376881
0.0886972
0.0534483
0.0623892
0.0376881
