0.051615
0.108484
0.106481
0.0475176
0.0144752
0.119989
0.186523
0.0144874
0
0
0.0112068
0
0
0.0550965
0.0183655
0.00612183
0.0057762
0.0028881
0.011442
0.020505
0.165289
0.0826447
0.0413224
0.018076
0.00602533
0.00301266
0.0140566
0.00468554
0.0819372
0.0273124
0.455662
0.227109
0.198353
0.0686836
0.0114421
0.0209442
1.5932
0.531066
0.654375
1.43206
0.0651442
0.020505
0.00612183
0.0237554
0.623515
0.215757
0.071919
0.0815636
0.0145591
0.0340815
0.0224135
0.0375556
0.172772
0.123879
0.125338
0.252134
0.0192032
0.00959659
0.00910413
0.458696
0.452205
0.543253
1.0203
0.521183
0.629389
1.36698
0.564412
1.16217
0.557282
0.509676
0.227117
0.0757057
0.218125
0.485334
0.438487
0.552273
0.447325
1.00021
0.333403
0.185048
0.101416
0.24165
0.135034
0.232329
0.22174
0.151356
0.144652
0.0482173
0.0417793
0.0750101
0.177816
0.179608
0.0301769
0.0851009
0.0626791
0.105716
0.197849
0.215572
0.0285835
0.0736887
0.025771
0.0180998
0.0402708
0.0126954
0.0276164
0.0219265
0.0541812
0.0874743
0.0622886
0.154653
0.185368
0.0512991
0.123303
0.0753245
0.0272581
0.0591311
0.0370836
0.00834751
0.0182059
0.045082
0.165406
0.0222941
0.21583
0.128634
0.323118
0.170073
0.0456597
0.115552
0.211197
0.171675
0.266062
0.113848
0.0754822
0.376969
0.0559979
0.0808085
0.111134
0.10193
0.168113
0.114411
0.0639855
0.0422015
0.20561
0.121299
0.134633
0.2826
0.242185
0.225396
0.242012
0.178743
0.149132
0.0619653
0.271205
0.255259
0.0878469
0.227831
0.0759436
0.531066
0.231619
0.188137
0.239734
0.235111
0.158282
0.392859
0.234225
0.185761
0.202708
0.104798
0.180608
0.309817
0.226969
0.129953
0.0998834
0.113322
0.12721
0.112873
0.0808004
0.178618
0.130758
0.142948
0.0553734
0.0915232
0.110981
0.0310229
0.0725153
0.190959
0.380373
0.385373
0.149351
0.0781505
0.0758407
0.155487
0.078596
0.0684826
0.0930687
0.118349
0.032593
0.066924
0.153337
0.0448776
0.174454
0.170676
0.0841326
0.134729
0.158132
0.197205
0.307807
0
0.0139264
0.0310316
0.014986
0.354665
0.123217
0.044107
0.0950777
0.0289388
0.0160473
0.0840448
0.033364
0.241126
0.103545
0.0361445
0.183867
0.106293
0.036152
0.183647
