0.0253497
0.0084499
0.0571152
0.16441
0.360016
0.142026
0.0747084
0.0702139
0
0
0.113576
0.195982
0.0653275
0.268609
0.122034
0.0488713
0.048341
0.0835764
0
0
0
0
0
0.0660656
0.0349066
0.132131
0.233318
0.699955
0.275571
0.352721
0.0826357
0.0488714
0.198478
0.114415
0.268893
0.089631
0.029877
0.176482
0.279557
0.301541
0.0480046
0.275284
0.107763
0
0.0538814
0
0
0.350406
1.05122
0.350406
0.292363
0
0.0974543
0.0777727
0.0259242
0.526683
0.184202
0
0.0614008
0.0204669
0.124604
0.110622
0.288106
0.753696
0.343517
0.465163
0.774704
0.009959
0.35759
0.0917613
0.0305871
0
0.0101957
0.213364
0.0745199
0.02484
0.0388671
0.0520938
0.119236
0.0513053
0.150892
0.226257
0.0658713
0.0477617
0.118823
0.0832662
0.0744741
0.0693072
0.0760491
0.110583
0.0295261
0.187232
0.127403
0.163778
0.0814897
0.0336486
0.0820996
0.0660611
0.0338525
0.0359701
0.10493
0.0467899
0.189768
0.0594726
0.0636477
0.076099
0.0694771
0.0835506
0.0745141
0
0.096562
0.199934
0.25487
0.104622
0.229641
0.195297
0.289686
0.415505
0.281094
0.209809
0.225131
0.237837
0.20997
0.286105
0.217968
0.276067
0.289941
0.0750844
0.154376
0.0793087
0.111487
0
0.129185
0.276855
0.0922849
0.0515899
0.0996922
0.195393
0.105736
0.27727
0.15843
0.471891
0.018087
0.00903849
0.0222633
0.471802
0.198029
0.223277
0.34971
0.825852
0.527362
1.20179
0.466606
0.158855
0.339592
0.166149
0.157365
0.453052
0.140051
0.305946
0.244072
0.218693
0.121815
0.134736
0.248371
0.114207
0.0991622
0.0165665
0.0229808
0.0275347
0.00521128
0.0117551
0.0206955
0.0500681
0.0624423
0.0159811
0.129727
0.106331
0.175112
0.0511977
0.0159824
0.162896
0.0166326
0.0998498
0.0500975
0.02072
0.0408707
0.010106
0.0189377
0.0231575
0.308338
0.171985
0.255153
0.207615
0.0624847
0.0867278
0.217945
0.242455
0.408481
1.20498
0.401659
0.236666
0.33205
0.270317
0.242234
0.713159
0.0130713
0.0774181
0.826714
0.411732
0.692264
0.416255
0.144768
0.0383196
0.0145146
0.020484
0.0774079
0.0130713
0.0383196
0.144744
0.0543244
0.0182288
