0.204518
0.30122
0.238243
0.0680494
0.494599
0.253881
0.30122
0.168579
0.259762
0.200386
0.404589
0.399471
0.268416
0.216422
0.0485171
0.259762
0.191311
0.557764
0.194211
0.212478
0.0708258
0.211438
0.563487
0.633578
0.161562
0.220788
0.0933671
0.355729
0.108698
0.544881
0.360298
0.202842
0.2001
1.07965
0.115546
0.608774
0.510826
0.0926606
0.594731
0.220788
1.91558
0.638527
0.317658
0.314447
0.451471
0.330927
0.219516
0.259762
0.261932
0.538744
0.373561
0.58194
2.09159
0.746413
0.147654
0.0738218
0.381804
0.385077
0.128359
0.0427863
0.136595
0.366997
0.30122
0.0848651
0.367421
1.0174
0.401796
0.850224
0.233294
0.238243
0.0578154
2.26126
0.428939
0.117158
0.521046
0.216422
0.0711354
0.259761
0.563938
0.633708
0.225891
0.219853
1.0019
0.433669
0.144556
0.236165
0.30122
0.204518
0.333173
0.30122
0.17156
0.094099
0.485645
0.238243
0.111681
0.0372271
0.144302
0.395678
0.428677
0.317936
0.5071
0.335044
0.33689
0.507562
0.388671
0.326584
0.322376
0.330271
0.507562
0.33689
0
0
0.183317
0.0611055
0.262404
0.170851
0.189042
0.145282
0.626911
0.74323
0.524615
0.830615
0.309703
0.353661
0.75128
0.309511
0.582607
0.594097
0.605336
0.67507
0.340339
0.113446
0.0378155
0.206807
0.830615
0.527268
0.75119
0.3096
0.326661
0.735465
0.248741
0.296748
0
0
0.133255
0.189206
0.248067
1.10917
0.202557
0.437243
0.36278
0.60767
0.301604
0.34587
0.321568
0.330593
0.507573
0.614255
0.302709
0.236329
0.0787765
0.259134
0.238635
0.325065
0.288462
0.512448
0.67946
2.29792
0.165752
0.145125
0.0691029
0.0714095
0.224611
1.68231
0.303815
0.350915
0.39888
0.234956
0.590408
0.312119
0.345948
1.83088
2.29792
1.61736
0.873086
0.109927
0.327671
0.1639
0.16403
0.160045
0.502943
0.169572
0.15224
0.155093
0.248967
0.194504
0.236414
0.247784
0.29399
0.224689
0.197847
0.149172
0.344105
0.24702
0.0245305
0.0122653
0.304089
0.314188
0.269625
0.227342
0.205093
0.172426
0.188212
0.094115
1.28344
0.207309
0.146078
0.505794
1.08623
0.562465
0.0953739
0.299782
0.0787246
0.209173
0.334847
0.0875654
0.0437827
0.615693
2.07998
0.311615
0.339645
0.106958
0.153613
0.303519
0.234601
0.288468
0.217131
0.283031
0.18497
0.183515
0.0134605
0.0273213
0.369684
0.495466
0.210567
0.275619
0.27044
0.289039
0.492676
0.549466
0.136409
0.24505
0.208784
0.314636
0.248623
0.14356
0.37194
0.101613
0.379379
0.414638
0.0924876
0.0606416
0.372918
0.497997
0.228443
0.20425
0.278657
0.293542
0.200281
0.16591
0.191699
0.184437
0.282771
0.344227
0.282572
0.295783
0.330755
0.329727
0.328467
0.12896
0.251144
0.345984
0.344815
0.258914
0.249273
0.3341
0.248851
0.360987
0.361001
0.32962
0.0720832
0.0666153
0.352563
0.331166
0.135264
0.0870212
0.346752
0.309256
0.204407
0.192476
0.359047
0.283188
0.239208
0.326742
0.174693
0.237395
0.264847
0.342791
0.361948
0.271025
0.259762
0.285803
0.331054
0.390675
0.227052
0.201509
0.377476
0.857538
0
0.111681
0.335044
0.5071
0.356388
0.318123
1.71037
0.570122
0.331201
0.851842
0.51396
0.238782
0.282827
0.520658
0.173553
0.168251
0.582433
0.335734
0.235999
0.251217
0.119076
0.0849113
0.733606
2.11591
1.73947
0.690201
0.331139
0.763874
0.390869
0.348368
0.316357
0.194204
0.0647348
0.0215783
0.812549
0.539939
0.676602
0.419738
0.582613
0.636479
0.316614
0.313362
0.383734
0.357837
0.371815
0.955818
0.391181
0.217726
0.30122
0.254292
0.477447
1.93538
0.377137
0
0.125825
0.395271
0.858478
0.881857
0.399838
0.346122
0.115374
0.012409
0.00413635
0.00137878
0.000459594
0.190194
0.192632
0.387701
0.181471
0.40628
0.26466
0.672108
1.55903
0.575761
0.636391
0.649041
0.378032
0.671297
1.31073
1.33341
0.671296
0.929068
0.309689
0.10323
0.955371
0.394256
0.747547
1.53627
0.693794
0.932496
1.55858
0.749593
0.381283
0
0.0126052
0.0420172
0.145425
0.175569
0.0657158
0.0434835
0.0144945
0.0142621
0.00475403
0.514125
1.53762
0.636479
0.400112
0.321323
0.157393
0.339133
0.113044
0.628638
1.77287
0.716668
0.238889
0.118088
0.286339
0.408118
0.612504
0.616228
0.745497
0.789649
0.554231
0.748493
0.5947
0.303274
0.101091
0.0336971
0.346638
0.812013
0.616228
0.51812
0.593208
0.00158468
0.000528226
0.000176075
5.86918e-05
0.00485107
0.0128494
0.0379802
0.184563
0.0996981
0.238642
0.616228
0.812001
0.339603
0.11326
0.0379293
0.134977
0.813893
0.616228
0.28615
0.612471
0.408378
0.612471
0.847008
0.656868
0.422979
1.26894
0.501612
0.447669
0.592014
0.246663
0.196711
0.549655
0.325807
0.333468
0.30368
0.382413
0.38542
0.307214
0.340343
0.268416
0.314447
1.78618
0.595392
0.330309
0.283853
0.302196
0.319055
0.331171
0.00137878
0.711128
1.53661
0.88191
0.859229
0.388607
0.129536
0.0440977
0.131845
0.683851
1.79017
0.290482
0.331324
0.339679
0.309155
0.283853
0.259466
0.349459
0.388375
0.374528
0.385749
0.307412
0.322058
0.367523
0.137615
0.546723
0.422979
1.26894
0.556305
0.19742
0.235937
0.251282
0.172008
0.281116
2.16751
0.903014
0.260422
0.0207295
0.240572
0.393555
0.191085
0.203658
0.0163437
0.263203
0.302803
0.476627
0.197869
0.183517
0.0305578
0.0219122
0.205327
0.254477
0.272269
0.340408
0.530963
0.309648
0.0376814
0.366089
0.529623
0.563858
0.563858
0.529622
0.4617
0.376006
0.4264
0.855478
0.320945
0.30961
0.148719
0.148018
0.0223214
0.0325401
0.263203
0.490479
0.227144
0.229384
0.204405
0.281451
0.461242
0.266805
0.221701
0.4194
0.0230867
0.263897
0.273783
0.281152
0.305775
0.215977
0.233617
0.111307
0.471393
0.442127
0.733366
0.298208
0.0994026
0.21123
0.0331342
0.116018
0.212375
0.596242
0.91568
0.215687
0.210559
0.102546
0.283552
0.282305
0.308478
1.48353
0.278764
0.3701
2.55416
0.406703
0.519987
0.221514
0.595704
0.563701
0.109405
0.0722784
0.08336
0.269723
0.61675
0.461043
0.0327725
0.309883
0.0933447
0.13272
1.56962
0.274588
0.659159
0.254129
0.407659
0.659158
1.50476
0.545116
0.545116
0.357107
0.482684
0.255375
0.539386
0.616369
0.289375
0.305987
0.113482
0.103135
0.443222
0.522721
0.153271
0.113329
0.484676
0.457914
0.51981
0.344619
0.307256
0.281866
0.280118
0.282453
2.52439
0.443113
0.375208
0.254355
0.592755
0.208012
0
0.103495
0.246804
0.102474
2.15887
0.226402
0.178053
0.156333
0.731876
0.290946
0.459766
0.366
0.235899
0.111181
0.258886
0.334789
0.239429
0.49374
0.174631
0.199491
0.414475
0.379128
0.0528133
0.0917493
0.171566
0.172115
0.264818
0.0647968
0.353759
0.332312
0.273979
0.252447
0.0941004
0.135557
0.134948
0.137029
0.135397
0.154844
0.143519
0.153607
0.222064
0.590654
0.29973
0.0950801
0.128956
0.110255
0.129568
0.123899
0.227702
0.177979
0.227511
0.134189
0.131439
0.13833
0.502734
0.372959
0.336903
0.507573
0.391903
0.337544
0.388442
0.326967
0.507573
0.336903
0.242085
0.340123
0.307412
0.385749
0.382778
0.303933
0.332042
0.326422
0.259762
0.119009
0.216422
0.521045
0.39044
0.40614
0.282107
0.259762
0.30122
0.204518
0.204518
0.30122
0.238243
0.468721
0.478178
0.250979
0.429416
0.263203
0.263203
0.0164754
0.172291
0.128645
0.182049
0.223652
0.0119774
0.0280444
0.14078
0.303563
0.372918
0.0300026
0.0124026
0.107363
0.147041
0.142818
0.169009
0.612504
0.408118
0.381715
0.612504
0.616228
0.813935
0.579955
0.616228
0.529387
0.309703
0.830615
0.664616
0.626858
0.743494
0.3096
0.75119
0.159356
0.335167
0.148137
0.132101
0.109092
0.13492
0.064382
0.507816
0.443244
0.321077
0.519987
0.372827
0.056485
0.131913
0.104349
0.173953
0.55835
0.633708
0.563938
0.266701
0.195926
0.213057
0.296828
0.033518
0.0232532
0.28319
0.274023
0.321747
0.278051
0.0734822
0.13699
0.138347
1.57237
0.0981311
0.0848939
0.278074
0.11448
0.295182
0.492991
0.067778
0.33689
0.507562
0.330271
0.321452
0.298528
0.475466
0.54995
0.358172
0.286767
0.339306
0.307214
0.38542
0.53851
0.667654
0.342895
0.345569
0.441734
0.0703925
0.216422
0.520996
0.407044
0.224631
0.0707946
0.111559
0.204518
0.566117
0.238243
0.0680495
0.0974216
0.0930814
0.33243
0.30122
0.192527
0.202276
0.489587
0.263203
0.267833
0.933227
0.364344
0.280545
0.224634
0.209785
0.140584
0.236595
0.0600154
0.0535794
0.127139
0.244387
0.127287
0.298989
0.306738
0.495466
0.369684
0.0661511
0.112423
0.448811
0.571808
0.616228
0.612471
0.408378
0.738544
0.594765
0.55403
0.789492
0.309511
0.751279
0.471548
0.309703
0.296678
0.248666
0.323159
0.735447
0.329517
0.339632
0.0960822
0.282065
0.148516
0.329394
0.328952
0.328574
0.0640346
0.33056
0.139058
0.308465
0.079801
0.0769685
0.244844
0.193065
0.579196
0.354208
0.0949363
0.0969793
0.167699
0.55261
0.449366
0.633578
0.563487
0.258308
0.339164
0.602423
0.566117
0.426197
0.643372
0.0536716
0.095078
0.386127
2.50234
0.0764131
