0.128057
0.124765
0.106508
0.0991464
0.0983358
0.0940692
0.125093
0.141842
0.129041
0.0810438
0.0772562
0.093847
0.0918948
0.164865
0.118967
0.130706
0.10776
0.0254839
0.0144042
0.0734274
0.111355
0.541593
0.971505
0.17267
0.180102
0.108496
0.217033
0.111682
0.0536168
0.0813946
0.105885
0.0584066
0.217335
0.174566
0.151354
0.179644
0.161239
0.157541
0.180399
0.20933
0.200178
0.265603
0.123642
0.102524
0.110406
0.124977
0.292965
0.341377
0.211827
0.202808
0.143038
0.147551
0.15415
0.140703
0.186717
0.191681
0.188431
0.204147
0.119466
0.137692
0.146942
0.140586
0.182535
0.209329
0.204497
0.186
0.140147
0.137023
0.128905
0.119468
0.202582
0.18318
0.281419
0.253779
0.123128
0.09449
0.103472
0.125344
0.190892
0.335172
0.159658
0.126431
0.327374
0.113051
0.113801
1.93646
0.0986181
0.114579
0.206606
0.166819
0.19499
0.160465
0.148131
0.194181
0.156693
0.186273
0.267097
0.242158
0.257686
0.150205
0.150205
0.257685
0.229814
0.202431
0.153709
0.141526
0.194181
0.14813
0.160464
0.194325
0.201691
0.164824
0.703952
0.786967
0.400047
0.330465
0.232552
0.123072
0.608353
0.515386
0.607221
0.412198
0.278041
0.42179
0.325092
0.344865
0.446945
0.666337
0.316014
0.394705
0.252706
0.324444
0.300155
0.251484
0.318538
0.267013
1.11842
0.764618
0.383374
0.179773
0.20399
0.177992
0.425238
1.00082
0.40649
0.291156
1.27218
0.150607
0.314594
0.357839
0.608316
0.515462
0.245204
0.982932
0.340978
0.453032
0.411245
0.478332
0.547942
0.701903
0.316019
0.394703
0.252874
0.324449
0.380136
0.305002
0.485013
0.406991
0.442599
0.671517
0.215744
0.436113
0.277118
0.421077
0.621161
0.411372
0.142587
0.00865386
0.278053
0.0523208
0.316372
0.390453
0.365543
0.300124
0.204619
0.261869
0.423081
0.208163
0.219652
0.751469
0.336074
0.187378
0.409367
0.317609
0.474744
0.409585
0.219306
0.324629
0.319219
0.101144
0.398851
0.293417
0.372453
0.304738
0.283121
0.37681
0.36455
0.264354
0.409359
0.304152
0.474732
0.409948
0.372409
0.472579
0.24395
0.329609
0.171185
0.280068
0.200144
0.764788
0.180145
0.416585
0.728294
0.3589
0.214588
0.165639
0.186732
1.37454
0.396351
0.213192
0.28134
0.206305
0.178154
0.109905
0.151561
0.391294
0.295826
0.151561
1.12017
0.16676
0.229572
0.172756
0.168441
0.236182
0.376764
0.168505
0.208062
0.108405
0.17127
0.342241
0.252196
0.3904
0.288664
0.252196
0.196614
0.164891
2.26274
1.36098
0.54933
0.251317
0.189676
0.146997
0.128784
0.496588
1.86546
0.442095
0.666303
0.382424
0.0727015
0.116961
0.160733
1.1739
0.329108
0.16328
0.0877018
0.306424
0.220976
0.668289
0.046295
0.347897
0.214434
0.138885
0.195084
0.333456
0.666399
0.670718
0.336066
0.337479
0.433033
0.199893
0.529833
0.856752
0.17663
0.012737
0.0254847
0.615748
1.82176
0.177659
1.16205
0.111357
0.0325743
0.153417
0.107753
0.987324
0.365026
0.137107
0.181328
0.239941
0.166937
0.0707038
0.350382
0.652355
0.0799738
0.0266579
0.914407
0.352641
0.116857
0.0813951
0.0536202
0.647032
1.88748
0.111991
0.207347
0.0583174
0.105747
0.180094
0.172657
0.358279
0.86749
0.181886
0.426524
0.216994
0.108472
0.0544138
0.319802
0.194806
0.359495
0.297958
0.0559186
0.234582
0.202481
0.647828
0.436715
0.361514
0.174978
0.441322
1.86515
0.442085
0.666299
0.382427
0.411378
0.392997
0.135271
0.293822
0.364055
0.166442
0.304425
0.156956
1.133
2.51374
0.302071
0.733885
0.187965
0.210353
0.393021
0.239827
0.66639
0.670703
0.335675
0.336321
0.252883
1.57084
0.23027
0.181539
0.226061
0.232631
1.57059
0.376763
0.417672
0.662754
0.364424
0.197886
0.190404
1.1315
0.999304
0.295818
0.252885
1.57059
0.240275
0.187079
0.281459
0.265841
1.57084
0.396361
0.404149
0.780738
0.367222
0.171267
0.179935
0.239818
0.35798
0.310246
0.301254
0.356044
0.776305
0.343423
0.253964
0.775706
0.356045
0.311536
1.13123
0.495757
0.554769
0.392843
0.256394
0.267287
0.584853
1.13123
0.311536
0.356045
0.545466
0.181822
0.24245
0.545527
0.356044
0.4862
0.232216
0.196087
0.726039
1.4365
0.256394
0.902577
1.67503
1.13126
0.207949
0.204696
0.172149
0.159325
0.156654
0.159505
0.19174
0.273336
0.275958
0.327452
0.120134
0.170267
0.0915633
0.0973198
1.94735
0.298594
0.269183
0.179281
0.139561
0.148788
0.220881
0.161239
0.205334
0.207949
0.253702
0.246813
0.24149
0.256774
0.185384
0.217426
0.246813
0.253702
0.410754
0.549444
0.353554
0.253743
0.169163
0.31771
0.526495
0.410754
0.416762
0.313863
0.257473
0.388189
0.907093
0.558984
0.471025
0.326345
0.384632
0.527747
0.769858
1.11934
0.898238
0.769858
0.52791
0.384632
0.326345
0.284752
0.653901
0.907092
0.388189
0.257474
0.313864
0.416762
0.320008
0.365545
0.383533
0.316371
0.0724838
0.280288
0.0072469
0.167995
0.336321
0.447566
0.670703
0.66639
0.184754
0.330747
0.141098
0.212456
0.227628
0.350373
0.159948
0.071705
0.0410081
0.0121832
0.0818687
0.0818733
0.0310283
0.0997745
0.0409656
0.364237
0.13734
0.336177
0.355028
0.442085
0.259421
0.163419
0.196318
1.14338
0.166114
0.382427
0.666299
0.314419
0.409358
0.0964782
0.311433
0.322841
0.219419
0.409578
0.474732
0.394705
0.316014
0.503227
0.424171
0.373636
0.343305
0.324444
0.252875
0.202794
0.20095
0.191515
0.186708
0.146696
0.151874
0.168068
0.137357
0.154288
0.111084
0.140371
0.142782
0.174042
0.0926909
0.140234
0.128047
0.209329
0.176647
0.137962
0.168056
0.17122
0.150796
0.184289
0.207286
0.786967
0.703952
0.515386
0.608353
0.0970624
0.28293
1.24457
0.143373
0.269854
0.364548
0.379773
0.33959
0.379707
0.312486
0.319636
0.385
0.33633
0.447704
0.670718
0.666399
0.383019
0.315657
0.234034
0.190121
0.652355
0.359503
0.283283
0.226694
0.2949
0.0968025
0.0589893
0.0589928
0.0968027
0.339904
0.29514
0.236159
0.787717
1.88764
0.854126
0.442095
0.87596
0.239355
0.29815
0.381649
0.40511
0.382424
0.666304
0.309231
0.409367
0.342322
0.231156
0.447514
0.430584
0.398172
0.474744
0.394703
0.316019
0.463593
0.282259
0.264892
0.309486
0.32445
0.252874
0.202808
0.201046
0.200565
0.181033
0.126447
0.127947
0.149938
0.136347
0.150275
0.119003
0.152041
0.118165
0.0828118
0.0879514
0.0771496
0.131189
0.20933
0.183074
0.123398
0.153216
0.141898
0.116285
0.189865
0.198885
0.787025
0.704008
0.515462
0.608316
0.244697
0.190926
0.274346
0.390365
0.253744
0.532108
0.561433
1.11953
1.11953
0.539963
0.524951
0.253744
0.696498
0.781145
0.313877
0.42032
0.326345
0.288895
0.403018
0.920159
0.932864
0.625407
0.540339
1.11946
1.11946
0.540388
0.491084
0.932864
0.920159
0.470414
0.445716
0.326344
0.42032
0.313878
0.781147
0.696498
0.383882
0.808223
0.356044
0.287631
0.253964
0.356044
0.807394
0.481747
0.324619
0.377338
0.405935
0.484424
1.13127
0.49577
0.478029
0.392844
0.242432
0.545475
0.356044
0.311535
0.486212
0.356044
0.545519
0.343467
0.324618
0.290046
0.606667
1.17391
1.13121
1.64958
0.950215
0.392843
